            0    5.159803033490E-02
            1    5.139805989834E-02
            2    5.119752820907E-02
            3    5.099644285498E-02
            4    5.079481142394E-02
            5    5.059264150382E-02
            6    5.038994068251E-02
            7    5.018671654788E-02
            8    4.998297668781E-02
            9    4.977872869017E-02
           10    4.957398014284E-02
           11    4.936873863369E-02
           12    4.916301175060E-02
           13    4.895680708145E-02
           14    4.875013221411E-02
           15    4.854299473646E-02
           16    4.833540223638E-02
           17    4.812736230174E-02
           18    4.791888252042E-02
           19    4.770997048029E-02
           20    4.750063376923E-02
           21    4.729087997512E-02
           22    4.708071668583E-02
           23    4.687015148924E-02
           24    4.665919197322E-02
           25    4.644784572566E-02
           26    4.623612033442E-02
           27    4.602402338739E-02
           28    4.580159702933E-02
           29    4.554466275661E-02
           30    4.528857253855E-02
           31    4.503333715684E-02
           32    4.477896739314E-02
           33    4.452547402911E-02
           34    4.427286784641E-02
           35    4.402115962673E-02
           36    4.377036015172E-02
           37    4.352048020305E-02
           38    4.327153056239E-02
           39    4.302352201140E-02
           40    4.277646533175E-02
           41    4.253037130511E-02
           42    4.228525071314E-02
           43    4.204111433752E-02
           44    4.179797295990E-02
           45    4.155583736195E-02
           46    4.131471832535E-02
           47    4.107462663176E-02
           48    4.083557306283E-02
           49    4.059756840025E-02
           50    4.036062342568E-02
           51    4.012474892079E-02
           52    3.988995566723E-02
           53    3.965625444668E-02
           54    3.942365604081E-02
           55    3.919217123128E-02
           56    3.898223440182E-02
           57    3.879961029260E-02
           58    3.861902270178E-02
           59    3.844047414655E-02
           60    3.826396714411E-02
           61    3.808950421166E-02
           62    3.791708786639E-02
           63    3.774672062550E-02
           64    3.757840500619E-02
           65    3.741214352566E-02
           66    3.724793870110E-02
           67    3.708579304971E-02
           68    3.692570908869E-02
           69    3.676768933524E-02
           70    3.661173630654E-02
           71    3.645785251981E-02
           72    3.630604049224E-02
           73    3.615630274102E-02
           74    3.600864178336E-02
           75    3.586306013644E-02
           76    3.571956031748E-02
           77    3.557814484365E-02
           78    3.543881623217E-02
           79    3.530157700023E-02
           80    3.516642966503E-02
           81    3.503337674376E-02
           82    3.490242075362E-02
           83    3.477356421181E-02
           84    3.471573548549E-02
           85    3.469429233914E-02
           86    3.467473036746E-02
           87    3.465704350164E-02
           88    3.464122567290E-02
           89    3.462727081244E-02
           90    3.461517285148E-02
           91    3.460492572122E-02
           92    3.459652335286E-02
           93    3.458995967763E-02
           94    3.458522862672E-02
           95    3.458232413134E-02
           96    3.458124012270E-02
           97    3.458197053201E-02
           98    3.458450929048E-02
           99    3.458885032932E-02
          100    3.459498757973E-02
          101    3.460291497292E-02
          102    3.461262644010E-02
          103    3.462411591248E-02
          104    3.463737732127E-02
          105    3.465240459767E-02
          106    3.466919167289E-02
          107    3.468773247814E-02
          108    3.470802094463E-02
          109    3.473005100357E-02
          110    3.475381658617E-02
          111    3.477931162362E-02
          112    3.480653004715E-02
          113    3.483546578796E-02
          114    3.486611277725E-02
          115    3.489846494624E-02
          116    3.493251622614E-02
          117    3.496826054814E-02
          118    3.500569184347E-02
          119    3.504480404332E-02
          120    3.508559107891E-02
          121    3.512804688144E-02
          122    3.517216538213E-02
          123    3.521794051218E-02
          124    3.526536620279E-02
          125    3.531443638518E-02
          126    3.536514499056E-02
          127    3.541748595013E-02
          128    3.547145319510E-02
          129    3.552704065668E-02
          130    3.558424226607E-02
          131    3.564305195449E-02
          132    3.570346365315E-02
          133    3.576547129325E-02
          134    3.582906880599E-02
          135    3.589425012260E-02
          136    3.596100917426E-02
          137    3.602933989221E-02
          138    3.609923620763E-02
          139    3.617069205175E-02
          140    3.624370135576E-02
          141    3.631825805089E-02
          142    3.639435606832E-02
          143    3.647198933928E-02
          144    3.655115179497E-02
          145    3.663183736659E-02
          146    3.671403998537E-02
          147    3.679775358250E-02
          148    3.688297208919E-02
          149    3.696968943666E-02
          150    3.705789955610E-02
          151    3.714759637873E-02
          152    3.723877383576E-02
          153    3.733142585839E-02
          154    3.742554637783E-02
          155    3.752112932529E-02
          156    3.761816863199E-02
          157    3.771665822911E-02
          158    3.781659204788E-02
          159    3.791796401951E-02
          160    3.802076807519E-02
          161    3.812499814615E-02
          162    3.823064816358E-02
          163    3.833771205869E-02
          164    3.844618376270E-02
          165    3.855605720681E-02
          166    3.866732632223E-02
          167    3.879028895181E-02
          168    3.893482227144E-02
          169    3.908009897145E-02
          170    3.922610901773E-02
          171    3.937284237622E-02
          172    3.952028901281E-02
          173    3.966843889342E-02
          174    3.981728198395E-02
          175    3.996680825033E-02
          176    4.011700765847E-02
          177    4.026787017427E-02
          178    4.041938576364E-02
          179    4.057154439251E-02
          180    4.072433602678E-02
          181    4.087775063235E-02
          182    4.103177817516E-02
          183    4.118640862110E-02
          184    4.134163193608E-02
          185    4.149743808603E-02
          186    4.165381703684E-02
          187    4.181075875444E-02
          188    4.196825320474E-02
          189    4.212629035364E-02
          190    4.228486016706E-02
          191    4.244395261091E-02
          192    4.260355765110E-02
          193    4.276366525354E-02
          194    4.292426538415E-02
          195    4.309949311930E-02
          196    4.328558571731E-02
          197    4.347095380328E-02
          198    4.365558811524E-02
          199    4.383947939120E-02
          200    4.402261836917E-02
          201    4.420499578718E-02
          202    4.438660238324E-02
          203    4.456742889536E-02
          204    4.474746606158E-02
          205    4.492670461989E-02
          206    4.510513530832E-02
          207    4.528274886490E-02
          208    4.545953602762E-02
          209    4.563548753451E-02
          210    4.581059412360E-02
          211    4.598484653289E-02
          212    4.615823550040E-02
          213    4.633075176415E-02
          214    4.650238606215E-02
          215    4.667312913243E-02
          216    4.684297171300E-02
          217    4.701190454188E-02
          218    4.717991835708E-02
          219    4.734700389662E-02
          220    4.751315189853E-02
          221    4.767835310080E-02
          222    4.784259824147E-02
          223    4.796993710864E-02
          224    4.808521031975E-02
          225    4.819858153174E-02
          226    4.831004888552E-02
          227    4.841961052201E-02
          228    4.852726458211E-02
          229    4.863300920675E-02
          230    4.873684253683E-02
          231    4.883876271327E-02
          232    4.893876787697E-02
          233    4.903685616886E-02
          234    4.913302572984E-02
          235    4.922727470083E-02
          236    4.931960122274E-02
          237    4.941000343648E-02
          238    4.949847948297E-02
          239    4.958502750312E-02
          240    4.966964563783E-02
          241    4.975233202804E-02
          242    4.983308481464E-02
          243    4.991190213854E-02
          244    4.998878214067E-02
          245    5.006372296194E-02
          246    5.013672274326E-02
          247    5.020777962553E-02
          248    5.027689174968E-02
          249    5.034405725661E-02
          250    5.040927428725E-02
          251    5.047254098250E-02
          252    5.053385548327E-02
          253    5.059321593048E-02
          254    5.065062046504E-02
          255    5.070606722786E-02
          256    5.075955435986E-02
          257    5.081108000194E-02
          258    5.086064229503E-02
          259    5.090823938003E-02
          260    5.095386939786E-02
          261    5.099753048943E-02
          262    5.103922079566E-02
          263    5.107893845745E-02
          264    5.111668161571E-02
          265    5.115244841137E-02
          266    5.118623698533E-02
          267    5.121804547851E-02
          268    5.124787203182E-02
          269    5.127571478617E-02
          270    5.130157188247E-02
          271    5.132544146164E-02
          272    5.134732166460E-02
          273    5.136721063224E-02
          274    5.138510650550E-02
          275    5.140100742527E-02
          276    5.141491153247E-02
          277    5.142681696802E-02
          278    5.143672187282E-02
          279    5.144462438780E-02
          280    5.145052265386E-02
          281    5.145441481191E-02
          282    5.145629900287E-02
          283    5.145617336766E-02
          284    5.145403604717E-02
          285    5.144988518234E-02
          286    5.144371891406E-02
          287    5.143553538326E-02
          288    5.142533273084E-02
          289    5.141310909772E-02
          290    5.139886262481E-02
          291    5.138259145303E-02
          292    5.136429372328E-02
          293    5.134396757648E-02
          294    5.132161115354E-02
          295    5.129722259538E-02
          296    5.127080004290E-02
          297    5.124234163702E-02
          298    5.121184551866E-02
          299    5.117930982872E-02
          300    5.114473270813E-02
          301    5.110811229778E-02
          302    5.106944673860E-02
          303    5.102873417149E-02
          304    5.098597273738E-02
          305    5.094116057717E-02
          306    5.088477018707E-02
          307    5.081426001586E-02
          308    5.074148120577E-02
          309    5.066644027107E-02
          310    5.058914372605E-02
          311    5.050959808499E-02
          312    5.042780986218E-02
          313    5.034378557190E-02
          314    5.025753172842E-02
          315    5.016905484604E-02
          316    5.007836143903E-02
          317    4.998545802168E-02
          318    4.989035110826E-02
          319    4.979304721307E-02
          320    4.969355285038E-02
          321    4.959187453448E-02
          322    4.948801877964E-02
          323    4.938199210016E-02
          324    4.927380101031E-02
          325    4.916345202437E-02
          326    4.905095165663E-02
          327    4.893630642137E-02
          328    4.881952283288E-02
          329    4.870060740543E-02
          330    4.857956665331E-02
          331    4.845640709079E-02
          332    4.833113523217E-02
          333    4.820375759173E-02
          334    4.805811606253E-02
          335    4.790276148144E-02
          336    4.774587914068E-02
          337    4.758748012756E-02
          338    4.742757552941E-02
          339    4.726617643354E-02
          340    4.710329392728E-02
          341    4.693893909795E-02
          342    4.677312303287E-02
          343    4.660585681936E-02
          344    4.643715154474E-02
          345    4.626701829633E-02
          346    4.609546816145E-02
          347    4.592251222742E-02
          348    4.574816158156E-02
          349    4.557242731120E-02
          350    4.539532050365E-02
          351    4.521685224624E-02
          352    4.503703362628E-02
          353    4.485587573110E-02
          354    4.467338964802E-02
          355    4.448958646435E-02
          356    4.430447726742E-02
          357    4.411807314455E-02
          358    4.393038518306E-02
          359    4.374142447027E-02
          360    4.355120209350E-02
          361    4.335972914007E-02
          362    4.313147792560E-02
          363    4.289867166565E-02
          364    4.266582516327E-02
          365    4.243294508160E-02
          366    4.220003808379E-02
          367    4.196711083298E-02
          368    4.173416999231E-02
          369    4.150122222493E-02
          370    4.126827419397E-02
          371    4.103533256259E-02
          372    4.080240399391E-02
          373    4.056949515110E-02
          374    4.033661269728E-02
          375    4.010376329561E-02
          376    3.987095360922E-02
          377    3.963819030126E-02
          378    3.940548003487E-02
          379    3.917282947319E-02
          380    3.894024527937E-02
          381    3.870773411655E-02
          382    3.847530264787E-02
          383    3.824295753647E-02
          384    3.801070544551E-02
          385    3.777855303811E-02
          386    3.754650697743E-02
          387    3.731457392660E-02
          388    3.708276054878E-02
          389    3.685107350709E-02
          390    3.661951946469E-02
          391    3.638810508472E-02
          392    3.615683703032E-02
          393    3.592572196464E-02
          394    3.569476655081E-02
          395    3.546397745198E-02
          396    3.523336133129E-02
          397    3.500292485188E-02
          398    3.477267467691E-02
          399    3.454261746951E-02
          400    3.431275989281E-02
          401    3.408310860998E-02
          402    3.385367028415E-02
          403    3.362445157845E-02
          404    3.339545915605E-02
          405    3.316669968007E-02
          406    3.293817981366E-02
          407    3.270990621997E-02
          408    3.248188556213E-02
          409    3.225412450329E-02
          410    3.202662970659E-02
          411    3.179940783518E-02
          412    3.157246555220E-02
          413    3.134580952079E-02
          414    3.111944640409E-02
          415    3.089338286525E-02
          416    3.066762556741E-02
          417    3.044218117371E-02
          418    3.021705634729E-02
          419    2.999225775131E-02
          420    2.976779204889E-02
          421    2.954366590319E-02
          422    2.931988597735E-02
          423    2.909645893450E-02
          424    2.887339143780E-02
          425    2.865069015038E-02
          426    2.842836173539E-02
          427    2.820641285598E-02
          428    2.798485017527E-02
          429    2.776368035642E-02
          430    2.754291006258E-02
          431    2.732254595687E-02
          432    2.710259470245E-02
          433    2.688306296246E-02
          434    2.666395740004E-02
          435    2.644528467833E-02
          436    2.622705146048E-02
          437    2.600926440963E-02
          438    2.579193018892E-02
          439    2.557505546150E-02
          440    2.535864689051E-02
          441    2.514271113908E-02
          442    2.492725487037E-02
          443    2.471228474752E-02
          444    2.449780743367E-02
          445    2.428926110360E-02
          446    2.408574623966E-02
          447    2.388297238311E-02
          448    2.368094223416E-02
          449    2.347965849297E-02
          450    2.327912385975E-02
          451    2.307934103468E-02
          452    2.288031271793E-02
          453    2.268204160972E-02
          454    2.248453041021E-02
          455    2.228778181959E-02
          456    2.209179853806E-02
          457    2.189658326581E-02
          458    2.170213870301E-02
          459    2.150846754985E-02
          460    2.131557250653E-02
          461    2.112345627322E-02
          462    2.093212155013E-02
          463    2.074157103742E-02
          464    2.055180743530E-02
          465    2.036283344395E-02
          466    2.017465176355E-02
          467    1.998726509429E-02
          468    1.980067613637E-02
          469    1.961488758996E-02
          470    1.942990215525E-02
          471    1.924572253244E-02
          472    1.906235142170E-02
          473    1.889717649768E-02
          474    1.873782310394E-02
          475    1.857932841439E-02
          476    1.842169140213E-02
          477    1.826491104026E-02
          478    1.810898630189E-02
          479    1.795391616012E-02
          480    1.779969958804E-02
          481    1.764633555877E-02
          482    1.749382304539E-02
          483    1.734216102102E-02
          484    1.719134845875E-02
          485    1.704138433169E-02
          486    1.689226761293E-02
          487    1.674399727558E-02
          488    1.659657229275E-02
          489    1.644999163752E-02
          490    1.630425428300E-02
          491    1.615935920230E-02
          492    1.601530536852E-02
          493    1.587209175475E-02
          494    1.572971733410E-02
          495    1.558818107967E-02
          496    1.544748196456E-02
          497    1.530761896187E-02
          498    1.516859104471E-02
          499    1.503039718617E-02
          500    1.489303635936E-02
          501    1.477892563952E-02
          502    1.466550486834E-02
          503    1.455277214963E-02
          504    1.444072558717E-02
          505    1.432936328477E-02
          506    1.421868334621E-02
          507    1.410868387531E-02
          508    1.399936297584E-02
          509    1.389071875160E-02
          510    1.378274930640E-02
          511    1.367545274402E-02
          512    1.356882716827E-02
          513    1.346287068293E-02
          514    1.335758139180E-02
          515    1.325295739868E-02
          516    1.314899680736E-02
          517    1.304569772164E-02
          518    1.294305824532E-02
          519    1.284107648218E-02
          520    1.273975053602E-02
          521    1.263907851065E-02
          522    1.253905850985E-02
          523    1.243968863742E-02
          524    1.234096699716E-02
          525    1.224289169285E-02
          526    1.214546082830E-02
          527    1.204867250731E-02
          528    1.195252483366E-02
          529    1.185701591115E-02
          530    1.176214384358E-02
          531    1.166790673474E-02
          532    1.157430268843E-02
          533    1.148132980845E-02
          534    1.138898619858E-02
          535    1.129726996263E-02
          536    1.120617920438E-02
          537    1.111571202764E-02
          538    1.102586653621E-02
          539    1.093664083386E-02
          540    1.084803302441E-02
          541    1.076004121164E-02
          542    1.067266349936E-02
          543    1.058589799135E-02
          544    1.049974279142E-02
          545    1.041419600335E-02
          546    1.032925573094E-02
          547    1.024492007800E-02
          548    1.016118714830E-02
          549    1.007805504566E-02
          550    9.995521873858E-03
          551    9.913585736698E-03
          552    9.832244737973E-03
          553    9.751496981477E-03
          554    9.671340571008E-03
          555    9.591773610359E-03
          556    9.512794203327E-03
          557    9.434400453707E-03
          558    9.356590465293E-03
          559    9.279362341882E-03
          560    9.202714187269E-03
          561    9.126644105249E-03
          562    9.051150199617E-03
          563    8.976230574169E-03
          564    8.901883332700E-03
          565    8.828106579005E-03
          566    8.754898416880E-03
          567    8.682256950120E-03
          568    8.610180282521E-03
          569    8.538666517878E-03
          570    8.467713759985E-03
          571    8.397320112639E-03
          572    8.327483679635E-03
          573    8.258202564769E-03
          574    8.189474871834E-03
          575    8.121298704628E-03
          576    8.053672166945E-03
          577    7.986593362580E-03
          578    7.920060395329E-03
          579    7.854071368988E-03
          580    7.788624387351E-03
          581    7.723717554214E-03
          582    7.659348973372E-03
          583    7.595516748621E-03
          584    7.537851140243E-03
          585    7.483427078180E-03
          586    7.429405604939E-03
          587    7.375785314905E-03
          588    7.322564802462E-03
          589    7.269742661994E-03
          590    7.217317487886E-03
          591    7.165287874522E-03
          592    7.113652416286E-03
          593    7.062409707561E-03
          594    7.011558342734E-03
          595    6.961096916186E-03
          596    6.911024022304E-03
          597    6.861338255471E-03
          598    6.812038210071E-03
          599    6.763122480489E-03
          600    6.714589661108E-03
          601    6.666438346313E-03
          602    6.618667130489E-03
          603    6.571274608019E-03
          604    6.524259373288E-03
          605    6.477620020679E-03
          606    6.431355144578E-03
          607    6.385463339367E-03
          608    6.339943199433E-03
          609    6.294793319158E-03
          610    6.250012292927E-03
          611    6.205598715124E-03
          612    6.169595518821E-03
          613    6.134858829906E-03
          614    6.100376301405E-03
          615    6.066147253940E-03
          616    6.032171008133E-03
          617    5.998446884604E-03
          618    5.964974203976E-03
          619    5.931752286870E-03
          620    5.898780453907E-03
          621    5.866058025709E-03
          622    5.833584322899E-03
          623    5.801358666096E-03
          624    5.769380375923E-03
          625    5.737648773001E-03
          626    5.706163177952E-03
          627    5.674922911397E-03
          628    5.643927293959E-03
          629    5.613175646257E-03
          630    5.582667288915E-03
          631    5.552401542553E-03
          632    5.522377727793E-03
          633    5.492595165256E-03
          634    5.463053175565E-03
          635    5.433751079340E-03
          636    5.404688197203E-03
          637    5.375863849777E-03
          638    5.347277357681E-03
          639    5.319822908474E-03
          640    5.299731384853E-03
          641    5.279817423797E-03
          642    5.260080711172E-03
          643    5.240520932844E-03
          644    5.221137774677E-03
          645    5.201930922538E-03
          646    5.182900062292E-03
          647    5.164044879805E-03
          648    5.145365060942E-03
          649    5.126860291568E-03
          650    5.108530257550E-03
          651    5.090374644753E-03
          652    5.072393139041E-03
          653    5.054585426282E-03
          654    5.036951192340E-03
          655    5.019490123081E-03
          656    5.002201904370E-03
          657    4.985086222073E-03
          658    4.968142762056E-03
          659    4.951371210184E-03
          660    4.934771252322E-03
          661    4.918342574336E-03
          662    4.902084862092E-03
          663    4.885997801456E-03
          664    4.870081078292E-03
          665    4.854334378466E-03
          666    4.838757387844E-03
          667    4.823349792291E-03
          668    4.808111277673E-03
          669    4.793041529856E-03
          670    4.778140234704E-03
          671    4.763407078084E-03
          672    4.748841745861E-03
          673    4.734443923901E-03
          674    4.720213298068E-03
          675    4.706149554230E-03
          676    4.692252378250E-03
          677    4.678521455995E-03
          678    4.664956473330E-03
          679    4.651557116121E-03
          680    4.638323070234E-03
          681    4.625254021533E-03
          682    4.612349655885E-03
          683    4.599609659154E-03
          684    4.587033717207E-03
          685    4.574621515909E-03
          686    4.562372741125E-03
          687    4.550287078722E-03
          688    4.538364214564E-03
          689    4.526603834517E-03
          690    4.515005624447E-03
          691    4.503569270219E-03
          692    4.492294457698E-03
          693    4.481180872751E-03
          694    4.470228201243E-03
          695    4.459436129039E-03
          696    4.448804342005E-03
          697    4.438332526007E-03
          698    4.428020366909E-03
          699    4.417867550578E-03
          700    4.407873762879E-03
          701    4.398038689678E-03
          702    4.388362016839E-03
          703    4.378843430229E-03
          704    4.369482615714E-03
          705    4.360279259158E-03
          706    4.351233046427E-03
          707    4.342343663387E-03
          708    4.333610795904E-03
          709    4.325034129842E-03
          710    4.316613351068E-03
          711    4.308348145446E-03
          712    4.300238198843E-03
          713    4.292283197124E-03
          714    4.284482826155E-03
          715    4.276836771801E-03
          716    4.269344719927E-03
          717    4.262006356399E-03
          718    4.254821367083E-03
          719    4.247789437845E-03
          720    4.240910254549E-03
          721    4.234183503061E-03
          722    4.227608869247E-03
          723    4.223387063569E-03
          724    4.219911076835E-03
          725    4.216547442174E-03
          726    4.213295875977E-03
          727    4.210156094635E-03
          728    4.207127814536E-03
          729    4.204210752072E-03
          730    4.201404623631E-03
          731    4.198709145605E-03
          732    4.196124034383E-03
          733    4.193649006356E-03
          734    4.191283777913E-03
          735    4.189028065445E-03
          736    4.186881585341E-03
          737    4.184844053992E-03
          738    4.182915187788E-03
          739    4.181094703118E-03
          740    4.179382316373E-03
          741    4.177777743944E-03
          742    4.176280702219E-03
          743    4.174890907590E-03
          744    4.173608076445E-03
          745    4.172431925176E-03
          746    4.171362170172E-03
          747    4.170398527824E-03
          748    4.169540714521E-03
          749    4.168788446654E-03
          750    4.168141440612E-03
          751    4.172429177440E-03
          752    4.176792952801E-03
          753    4.181232432428E-03
          754    4.185747282054E-03
          755    4.190337167411E-03
          756    4.195001754232E-03
          757    4.199740708251E-03
          758    4.204553695200E-03
          759    4.209440380813E-03
          760    4.214400430822E-03
          761    4.219433510961E-03
          762    4.224539286961E-03
          763    4.229717424557E-03
          764    4.234967589480E-03
          765    4.240289447465E-03
          766    4.245682664244E-03
          767    4.251146905550E-03
          768    4.256681837115E-03
          769    4.262287124673E-03
          770    4.267962433958E-03
          771    4.273707430700E-03
          772    4.279521780635E-03
          773    4.285405149494E-03
          774    4.291357203010E-03
          775    4.297377606918E-03
          776    4.303466026948E-03
          777    4.309622128835E-03
          778    4.317164296814E-03
          779    4.329376052231E-03
          780    4.341633252706E-03
          781    4.353935485136E-03
          782    4.366282336417E-03
          783    4.378673393445E-03
          784    4.391108243118E-03
          785    4.403586472332E-03
          786    4.416107667984E-03
          787    4.428671416970E-03
          788    4.441277306188E-03
          789    4.453924922533E-03
          790    4.466613852902E-03
          791    4.479343684193E-03
          792    4.492114003301E-03
          793    4.504924397123E-03
          794    4.517774452557E-03
          795    4.530663756498E-03
          796    4.543591895843E-03
          797    4.556558457490E-03
          798    4.569563028334E-03
          799    4.582605195272E-03
          800    4.595684545201E-03
          801    4.608800665018E-03
          802    4.621953141619E-03
          803    4.635141561901E-03
          804    4.648365512760E-03
          805    4.661624581094E-03
          806    4.674918353799E-03
          807    4.688246417770E-03
          808    4.701608359907E-03
          809    4.715003767103E-03
          810    4.728432226258E-03
          811    4.741893324266E-03
          812    4.755386648026E-03
          813    4.768911784432E-03
          814    4.782468320383E-03
          815    4.796055842774E-03
          816    4.809673938503E-03
          817    4.823322194466E-03
          818    4.837000197560E-03
          819    4.850707534681E-03
          820    4.864443792725E-03
          821    4.878208558591E-03
          822    4.892001419174E-03
          823    4.905821961371E-03
          824    4.919669772078E-03
          825    4.933544438193E-03
          826    4.947445546611E-03
          827    4.961372684231E-03
          828    4.975325437947E-03
          829    4.989303394657E-03
          830    5.003306141258E-03
          831    5.017333264646E-03
          832    5.031384351718E-03
          833    5.045458989370E-03
          834    5.059556764500E-03
          835    5.073677264003E-03
          836    5.087820074777E-03
          837    5.101984783718E-03
          838    5.116170977722E-03
          839    5.130378243687E-03
          840    5.144606168509E-03
          841    5.158854339085E-03
          842    5.173122342312E-03
          843    5.187409765085E-03
          844    5.201716194302E-03
          845    5.216041216859E-03
          846    5.230384419653E-03
          847    5.244745389581E-03
          848    5.259123713540E-03
          849    5.273518978425E-03
          850    5.287930771134E-03
          851    5.302358678563E-03
          852    5.316802287609E-03
          853    5.331261185168E-03
          854    5.345734958138E-03
          855    5.360223193415E-03
          856    5.374725477895E-03
          857    5.389241398475E-03
          858    5.403770542052E-03
          859    5.418312495523E-03
          860    5.432866845784E-03
          861    5.447433179732E-03
          862    5.462221541939E-03
          863    5.477016511570E-03
          864    5.491789541609E-03
          865    5.506540206939E-03
          866    5.521268082441E-03
          867    5.535972742997E-03
          868    5.550653763489E-03
          869    5.565310718799E-03
          870    5.579943183810E-03
          871    5.594550733402E-03
          872    5.609132942458E-03
          873    5.623689385860E-03
          874    5.638219638489E-03
          875    5.652723275229E-03
          876    5.667199870960E-03
          877    5.681649000565E-03
          878    5.696070238925E-03
          879    5.710463160923E-03
          880    5.724827341440E-03
          881    5.739162355358E-03
          882    5.753467777560E-03
          883    5.767743182928E-03
          884    5.781988146342E-03
          885    5.796202242686E-03
          886    5.810385046841E-03
          887    5.824536133688E-03
          888    5.838655078111E-03
          889    5.853051908960E-03
          890    5.869884405008E-03
          891    5.886656527625E-03
          892    5.903367847935E-03
          893    5.920017937064E-03
          894    5.936606366137E-03
          895    5.953132706277E-03
          896    5.969596528611E-03
          897    5.985997404264E-03
          898    6.002334904359E-03
          899    6.018608600023E-03
          900    6.034818062380E-03
          901    6.050962862555E-03
          902    6.067042571672E-03
          903    6.083056760858E-03
          904    6.099005001237E-03
          905    6.114886863933E-03
          906    6.130701920072E-03
          907    6.146449740778E-03
          908    6.162129897177E-03
          909    6.177741960394E-03
          910    6.193285501552E-03
          911    6.208760091779E-03
          912    6.224165302197E-03
          913    6.239500703933E-03
          914    6.254765868111E-03
          915    6.269960365856E-03
          916    6.285083768293E-03
          917    6.301803799346E-03
          918    6.321757465803E-03
          919    6.341592675866E-03
          920    6.361309002264E-03
          921    6.380906017726E-03
          922    6.400383294981E-03
          923    6.419740406756E-03
          924    6.438976925781E-03
          925    6.458092424785E-03
          926    6.477086476496E-03
          927    6.495958653642E-03
          928    6.514708528952E-03
          929    6.533335675156E-03
          930    6.551839664981E-03
          931    6.570220071156E-03
          932    6.588476466410E-03
          933    6.606608423471E-03
          934    6.624615515069E-03
          935    6.642497313931E-03
          936    6.660253392787E-03
          937    6.677883324365E-03
          938    6.695386681394E-03
          939    6.712763036602E-03
          940    6.730011962719E-03
          941    6.747133032471E-03
          942    6.764125818589E-03
          943    6.780989893802E-03
          944    6.797724830836E-03
          945    6.814330202422E-03
          946    6.830805581288E-03
          947    6.847150540162E-03
          948    6.863364651774E-03
          949    6.879447488851E-03
          950    6.895398624123E-03
          951    6.911217630318E-03
          952    6.926904080165E-03
          953    6.942457546392E-03
          954    6.957877601728E-03
          955    6.973163818902E-03
          956    6.988315770642E-03
          957    7.003333029677E-03
          958    7.018215168736E-03
          959    7.032961760547E-03
          960    7.047572377839E-03
          961    7.062046593341E-03
          962    7.076383979780E-03
          963    7.090584109887E-03
          964    7.104646556389E-03
          965    7.118570892015E-03
          966    7.132356689494E-03
          967    7.146003521555E-03
          968    7.159510960925E-03
          969    7.172878580334E-03
          970    7.186105952511E-03
          971    7.199192650183E-03
          972    7.212138246081E-03
          973    7.224942312931E-03
          974    7.237604423464E-03
          975    7.250124150407E-03
          976    7.262501066489E-03
          977    7.274734744439E-03
          978    7.286824756986E-03
          979    7.298770676858E-03
          980    7.310572076784E-03
          981    7.322228529492E-03
          982    7.333739607711E-03
          983    7.345104884170E-03
          984    7.356323931597E-03
          985    7.367396322722E-03
          986    7.378321630272E-03
          987    7.389099426976E-03
          988    7.399729285563E-03
          989    7.410210778762E-03
          990    7.420543479302E-03
          991    7.430726959910E-03
          992    7.440760793315E-03
          993    7.450644552247E-03
          994    7.460377809434E-03
          995    7.469960137604E-03
          996    7.479391109487E-03
          997    7.488670297810E-03
          998    7.497797275302E-03
          999    7.506771614693E-03
         1000    7.515592888710E-03
